&asteroid 
           C    = 600.d0,
 thermalCondMin = 0.0000001d0,
 thermalCondMax = 100.0d0,
        semiaxm = 2.0628,
            ecc = 0.52047,
       absCoeff = 1.0d0,
        emissiv = 0.984d0,
         method = 2,
      filename  = '2016GE1.txt',
       max_iter = 1000000,
           expo = 0.0,
/
