&asteroid 
           C    = 800.d0,
 thermalCondMin = 1.e-8,
 thermalCondMax = 500.0d0,
        semiaxm = 2.062821384283469d0,
            ecc = 0.52018002178656d0,
       absCoeff = 1.0d0,
        emissiv = 0.984d0,
         method = 1,
      filename  = '2016GE1',
       max_iter = 1000000,
           expo = 0.d0,
         n_proc = 1,
/






