&asteroid 
           C    = 800.d0,
 thermalCondMin = 1.e-7,
 thermalCondMax = 100.0d0,
        semiaxm = 1.3154158904405d0,
            ecc = 0.21633408209254d0,
        emissiv = 0.984d0,
         method = 1,
      filename  = '2011PT',
       max_iter = 1000000,
           expo = 0.d0,
         n_proc = 1,
/
