&param_model
  max_iter = 100000,
       sma = 1.3154158904405d0,
       ecc = 0.21633408209254d0,
      inc  = 2.2208d0,
  mean_H   = 24.017,
   std_H   = 0.3, 
  mean_pv  = -1.0,
   std_pv  = -1.0,
  mean_rho = -1.0,
   std_rho = -1.0,
  mean_D   = -1.0,
   std_D   = -1.0,
 mean_rhos = -1.0, 
  std_rhos = -1.0,
 mean_gam  = -1.0, 
  std_gam  = -1.0,
 mean_P    = 0.1833,
  std_P    = 0.0001,
 mean_dadt = -0.008719d0,
  std_dadt = 0.001147d0,
   alpha   = 1.0,
/

! NOTE: Negative values means use the population model 
